53.38195
-6.59192
53.3473
-6.55057
53.37077
-6.48279
53.35152
-6.54989
53.37278
-6.59611
53.40126
-6.6683
53.34484
-6.54766
53.34133
-6.51856
53.34492
-6.5557
53.29206
-6.67685
53.36483
-6.51278
53.33067
-6.54686
53.36287
-6.52468
53.37416
-6.49494
53.39549
-6.67647
53.33239
-6.55163
53.34678
-6.53415
53.36869
-6.48314
53.37521
-6.6103
53.33751
-6.53173
53.37184
-6.50065
53.36143
-6.51849
53.37473
-6.59338
53.34514
-6.53615
53.36115
-6.48907
53.39351
-6.5542
53.33886
-6.55468
53.36115
-6.48907
53.37497
-6.4991
53.37565
-6.60716
53.3354
-6.55111
53.36143
-6.51849
53.36115
-6.48907
53.39459
-6.66995
53.37122
-6.586
53.36656
-6.49183
53.36141
-6.51834
53.37323
-6.58859
53.36292
-6.50203
53.38122
-6.59226
53.35098
-6.54915
53.34312
-6.54747
53.34197
-6.55492
53.37954
-6.58793
53.33835
-6.53984
53.36976
-6.59828
53.37811
-6.57952
53.39847
-6.66787
53.38579
-6.58673
53.37626
-6.59308
53.37336
-6.48219
53.33032
-6.55311
53.37201
-6.48517
53.37416
-6.49731
53.36164
-6.50526
53.37043
-6.48193
53.35372
-6.54564
53.2908
-6.67746
53.39792
-6.6711
53.39315
-6.66909
53.34439
-6.53841
53.33591
-6.53566
53.3632
-6.51178
53.36833
-6.50589
53.35298
-6.54921
53.38122
-6.59226
53.33605
-6.53414
53.33324
-6.53978
53.38039
-6.59368
53.36883
-6.51468
53.35401
-6.54603
53.34745
-6.53401
53.39839
-6.66767
53.3473
-6.55057
53.29128
-6.67836
53.36158
-6.50533
53.3727
-6.58757
53.35321
-6.55412
53.31159
-6.60538
53.36455
-6.51435
53.39999
-6.66807
53.37414
-6.60028
53.37402
-6.49363
53.38983
-6.5951
53.34033
-6.54596
53.28973
-6.67445
53.36518
-6.48913
53.36873
-6.49619
53.33256
-6.55056
53.37565
-6.60701
53.38895
-6.60579
53.34648
-6.54552
53.35202
-6.55099
53.37247
-6.60044
53.37449
-6.60005
53.36559
-6.51914
53.39648
-6.66612
53.33239
-6.55163
53.39512
-6.67084
53.33835
-6.53984
53.37538
-6.60707